Year Month Sea ice extent (km2) Sea ice concentration (%)
1978 11 412500 89
1978 12 412500 98
1979 1 412500 99
1979 2 412500 99
1979 3 412500 98
1979 11 412500 94
1979 12 412500 98
1980 1 412500 99
1980 2 412500 99
1980 3 412500 98
1980 11 412500 86
1980 12 412500 98
1981 1 412500 97
1981 2 412500 98
1981 3 412500 99
1981 11 371250 72
1981 12 412500 94
1982 1 412500 99
1982 2 412500 98
1982 3 412500 98
1982 11 412500 97
1982 12 412500 98
1983 1 412500 98
1983 2 412500 98
1983 3 412500 98
1983 11 388125 74
1983 12 412500 98
1984 1 412500 96
1984 2 412500 93
1984 3 412500 96
1984 11 412500 83
1984 12 412500 96
1985 1 412500 98
1985 2 412500 98
1985 3 412500 98
1985 11 404375 58
1985 12 412500 98
1986 1 412500 99
1986 2 412500 98
1986 3 412500 97
1986 11 363750 77
1986 12 412500 94
1987 1 412500 99
1987 2 412500 99
1987 3 412500 98
1987 11 397500 79
1987 12 332500 79
1988 1 412500 98
1988 2 412500 98
1988 3 412500 98
1988 11 412500 91
1988 12 412500 97
1989 1 412500 99
1989 2 412500 98
1989 3 412500 98
1989 11 320000 70
1989 12 412500 89
1990 1 412500 99
1990 2 412500 97
1990 3 412500 98
1990 11 412500 91
1990 12 412500 97
1991 1 412500 98
1991 2 412500 98
1991 3 412500 98
1991 11 388125 76
1991 12 412500 95
1992 1 412500 98
1992 2 412500 98
1992 3 412500 96
1992 11 412500 91
1992 12 412500 97
1993 1 412500 97
1993 2 412500 98
1993 3 412500 98
1993 11 412500 82
1993 12 412500 90
1994 1 412500 98
1994 2 412500 99
1994 3 412500 98
1994 11 412500 83
1994 12 412500 94
1995 1 412500 98
1995 2 412500 96
1995 3 412500 96
1995 11 372500 76
1995 12 412500 92
1996 1 412500 97
1996 2 412500 98
1996 3 412500 97
1996 11 290000 67
1996 12 412500 83
1997 1 412500 98
1997 2 412500 98
1997 3 412500 97
1997 11 412500 79
1997 12 412500 97
1998 1 412500 98
1998 2 412500 99
1998 3 412500 98
1998 11 412500 98
1998 12 412500 98
1999 1 412500 98
1999 2 412500 98
1999 3 412500 98
1999 11 412500 90
1999 12 412500 93
2000 1 412500 97
2000 2 412500 96
2000 3 412500 98
2000 11 371250 73
2000 12 412500 92
2001 1 412500 95
2001 2 412500 96
2001 3 412500 98
2001 11 404375 72
2001 12 412500 75
2002 1 412500 98
2002 2 412500 99
2002 3 412500 98
2002 11 412500 78
2002 12 412500 97
2003 1 412500 98
2003 2 412500 98
2003 3 412500 98
2003 11 400625 78
2003 12 412500 93
2004 1 412500 99
2004 2 412500 99
2004 3 412500 98
2004 11 393125 76
2004 12 412500 90
2005 1 412500 94
2005 2 412500 88
2005 3 412500 98
2005 11 269375 76
2005 12 380625 79
2006 1 412500 89
2006 2 412500 95
2006 3 412500 97
2006 11 410625 74
2006 12 412500 93
2007 1 412500 94
2007 2 412500 99
2007 3 411875 93
2007 11 307500 62
2007 12 404375 75
2008 1 398750 84
2008 2 412500 88
2008 3 412500 97
2008 11 311250 55
2008 12 390625 77
2009 1 412500 86
2009 2 412500 96
2009 3 412500 97
2009 11 311250 40
2009 12 412500 88
2010 1 412500 87
2010 2 412500 96
2010 3 412500 97
2010 11 361250 55
2010 12 412500 90
2011 1 412500 97
2011 2 412500 97
2011 3 412500 92
2011 11 235625 53
2011 12 271875 61
2012 1 405000 81
2012 2 383125 57
2012 3 410625 88
2012 11 116875 49
2012 12 306250 57
2013 1 412500 85
2013 2 412500 95
2013 3 412500 99
2013 11 315625 71
2013 12 410625 85
2014 1 412500 97
2014 2 412500 95
2014 3 412500 92
2014 11 401250 76
2014 12 412500 92
2015 1 412500 98
2015 2 412500 97
2015 3 412500 95
2015 11 265625 55
2015 12 365000 77
