1978 831875 96
1979 831875 98
1980 831875 97
1981 823625 95
1982 831875 98
1983 827000 95
1984 831875 95
1985 830250 93
1986 822125 96
1987 812875 94
1988 831875 97
1989 813375 95
1990 831875 97
1991 827000 95
1992 831875 97
1993 831875 95
1994 831875 96
1995 823875 95
1996 807375 93
1997 831875 96
1998 831875 98
1999 831875 96
2000 823625 94
2001 830250 92
2002 831875 96
2003 829500 95
2004 828000 95
2005 796875 93
2006 831500 93
2007 809125 91
2008 804500 89
2009 811000 88
2010 821625 91
2011 768125 88
2012 724375 77
2013 812125 92
2014 829625 94
2015 791750 90
