Year Month Sea ice extent (km2) Sea ice concentration (%)
1978 11 831875 94
1978 12 831875 99
1979 1 831875 99
1979 2 831875 99
1979 3 831875 99
1979 11 831875 96
1979 12 831875 99
1980 1 831875 99
1980 2 831875 99
1980 3 831875 98
1980 11 831875 92
1980 12 831875 98
1981 1 831875 97
1981 2 831875 98
1981 3 831875 99
1981 11 790625 86
1981 12 831875 96
1982 1 831875 99
1982 2 831875 99
1982 3 831875 98
1982 11 831875 98
1982 12 831875 98
1983 1 831875 98
1983 2 831875 98
1983 3 831875 98
1983 11 807500 86
1983 12 831875 98
1984 1 831875 98
1984 2 831875 96
1984 3 831875 97
1984 11 831875 90
1984 12 831875 97
1985 1 831875 98
1985 2 831875 99
1985 3 831875 98
1985 11 823750 76
1985 12 831875 98
1986 1 831875 99
1986 2 831875 98
1986 3 831875 98
1986 11 783125 88
1986 12 831875 97
1987 1 831875 99
1987 2 831875 99
1987 3 831875 98
1987 11 816875 89
1987 12 751875 89
1988 1 831875 98
1988 2 831875 99
1988 3 831875 98
1988 11 831875 94
1988 12 831875 98
1989 1 831875 98
1989 2 831875 99
1989 3 831875 98
1989 11 739375 86
1989 12 831875 94
1990 1 831875 99
1990 2 831875 98
1990 3 831875 98
1990 11 831875 95
1990 12 831875 98
1991 1 831875 98
1991 2 831875 98
1991 3 831875 98
1991 11 807500 88
1991 12 831875 97
1992 1 831875 99
1992 2 831875 98
1992 3 831875 97
1992 11 831875 95
1992 12 831875 98
1993 1 831875 98
1993 2 831875 98
1993 3 831875 98
1993 11 831875 90
1993 12 831875 94
1994 1 831875 98
1994 2 831875 99
1994 3 831875 98
1994 11 831875 91
1994 12 831875 96
1995 1 831875 98
1995 2 831875 97
1995 3 831875 97
1995 11 791875 88
1995 12 831875 95
1996 1 831875 98
1996 2 831875 98
1996 3 831875 97
1996 11 709375 85
1996 12 831875 91
1997 1 831875 99
1997 2 831875 99
1997 3 831875 97
1997 11 831875 88
1997 12 831875 98
1998 1 831875 98
1998 2 831875 99
1998 3 831875 98
1998 11 831875 98
1998 12 831875 98
1999 1 831875 98
1999 2 831875 98
1999 3 831875 98
1999 11 831875 94
1999 12 831875 95
2000 1 831875 98
2000 2 831875 97
2000 3 831875 98
2000 11 790625 85
2000 12 831875 95
2001 1 831875 97
2001 2 831875 97
2001 3 831875 98
2001 11 823750 83
2001 12 831875 85
2002 1 831875 99
2002 2 831875 99
2002 3 831875 98
2002 11 831875 88
2002 12 831875 98
2003 1 831875 99
2003 2 831875 98
2003 3 831875 98
2003 11 820000 88
2003 12 831875 96
2004 1 831875 99
2004 2 831875 98
2004 3 831875 98
2004 11 812500 87
2004 12 831875 94
2005 1 831875 96
2005 2 831875 93
2005 3 831875 98
2005 11 688750 89
2005 12 800000 89
2006 1 831875 93
2006 2 831875 97
2006 3 831875 98
2006 11 830000 86
2006 12 831875 95
2007 1 831875 96
2007 2 831875 99
2007 3 831250 96
2007 11 726875 81
2007 12 823750 87
2008 1 818125 91
2008 2 831875 93
2008 3 831875 98
2008 11 730625 77
2008 12 810000 88
2009 1 831875 92
2009 2 831875 97
2009 3 831875 98
2009 11 727500 63
2009 12 831875 93
2010 1 831875 92
2010 2 831875 97
2010 3 831875 97
2010 11 780625 78
2010 12 831875 94
2011 1 831875 98
2011 2 831875 97
2011 3 831875 95
2011 11 655000 75
2011 12 690000 79
2012 1 824375 88
2012 2 802500 75
2012 3 830000 92
2012 11 447500 59
2012 12 717500 73
2013 1 831875 91
2013 2 831875 97
2013 3 831875 99
2013 11 735000 81
2013 12 830000 92
2014 1 831875 98
2014 2 831875 97
2014 3 831875 95
2014 11 820625 87
2014 12 831875 95
2015 1 831875 98
2015 2 831875 98
2015 3 831875 96
2015 11 678750 75
2015 12 784375 87
