1978 412500 93
1979 412500 97
1980 412500 96
1981 404250 92
1982 412500 98
1983 407625 93
1984 412500 92
1985 410875 90
1986 402750 93
1987 393500 90
1988 412500 96
1989 394000 90
1990 412500 96
1991 407625 93
1992 412500 96
1993 412500 93
1994 412500 94
1995 404500 91
1996 388000 88
1997 412500 93
1998 412500 98
1999 412500 95
2000 404250 91
2001 410875 87
2002 412500 94
2003 410125 93
2004 408625 92
2005 377500 87
2006 412125 89
2007 389750 84
2008 385125 80
2009 392250 81
2010 402250 85
2011 349000 80
2012 324375 66
2013 392750 87
2014 410250 90
2015 373625 84
