Year Month Sea ice extent (km2) Sea ice concentration (%)
1978 11 419375 98
1978 12 419375 99
1979 1 419375 99
1979 2 419375 99
1979 3 419375 99
1979 11 419375 98
1979 12 419375 99
1980 1 419375 99
1980 2 419375 99
1980 3 419375 99
1980 11 419375 99
1980 12 419375 99
1981 1 419375 98
1981 2 419375 99
1981 3 419375 98
1981 11 419375 98
1981 12 419375 98
1982 1 419375 99
1982 2 419375 99
1982 3 419375 99
1982 11 419375 99
1982 12 419375 98
1983 1 419375 99
1983 2 419375 98
1983 3 419375 98
1983 11 419375 98
1983 12 419375 99
1984 1 419375 99
1984 2 419375 98
1984 3 419375 98
1984 11 419375 98
1984 12 419375 99
1985 1 419375 99
1985 2 419375 99
1985 3 419375 98
1985 11 419375 93
1985 12 419375 99
1986 1 419375 99
1986 2 419375 98
1986 3 419375 98
1986 11 419375 99
1986 12 419375 99
1987 1 419375 99
1987 2 419375 99
1987 3 419375 98
1987 11 419375 98
1987 12 419375 97
1988 1 419375 99
1988 2 419375 99
1988 3 419375 99
1988 11 419375 98
1988 12 419375 98
1989 1 419375 98
1989 2 419375 99
1989 3 419375 99
1989 11 419375 98
1989 12 419375 99
1990 1 419375 99
1990 2 419375 98
1990 3 419375 98
1990 11 419375 99
1990 12 419375 99
1991 1 419375 99
1991 2 419375 99
1991 3 419375 99
1991 11 419375 99
1991 12 419375 99
1992 1 419375 99
1992 2 419375 99
1992 3 419375 98
1992 11 419375 99
1992 12 419375 99
1993 1 419375 99
1993 2 419375 99
1993 3 419375 98
1993 11 419375 99
1993 12 419375 98
1994 1 419375 99
1994 2 419375 99
1994 3 419375 98
1994 11 419375 99
1994 12 419375 98
1995 1 419375 99
1995 2 419375 98
1995 3 419375 99
1995 11 419375 98
1995 12 419375 98
1996 1 419375 99
1996 2 419375 99
1996 3 419375 97
1996 11 419375 97
1996 12 419375 98
1997 1 419375 99
1997 2 419375 99
1997 3 419375 98
1997 11 419375 98
1997 12 419375 99
1998 1 419375 98
1998 2 419375 99
1998 3 419375 98
1998 11 419375 98
1998 12 419375 98
1999 1 419375 99
1999 2 419375 98
1999 3 419375 98
1999 11 419375 98
1999 12 419375 98
2000 1 419375 98
2000 2 419375 98
2000 3 419375 98
2000 11 419375 96
2000 12 419375 99
2001 1 419375 98
2001 2 419375 98
2001 3 419375 98
2001 11 419375 93
2001 12 419375 95
2002 1 419375 99
2002 2 419375 99
2002 3 419375 99
2002 11 419375 98
2002 12 419375 99
2003 1 419375 99
2003 2 419375 99
2003 3 419375 98
2003 11 419375 98
2003 12 419375 98
2004 1 419375 99
2004 2 419375 98
2004 3 419375 98
2004 11 419375 99
2004 12 419375 98
2005 1 419375 98
2005 2 419375 97
2005 3 419375 98
2005 11 419375 98
2005 12 419375 98
2006 1 419375 97
2006 2 419375 98
2006 3 419375 98
2006 11 419375 98
2006 12 419375 98
2007 1 419375 98
2007 2 419375 99
2007 3 419375 98
2007 11 419375 95
2007 12 419375 98
2008 1 419375 97
2008 2 419375 99
2008 3 419375 99
2008 11 419375 94
2008 12 419375 98
2009 1 419375 98
2009 2 419375 99
2009 3 419375 99
2009 11 416250 80
2009 12 419375 98
2010 1 419375 97
2010 2 419375 97
2010 3 419375 98
2010 11 419375 97
2010 12 419375 99
2011 1 419375 99
2011 2 419375 98
2011 3 419375 98
2011 11 419375 88
2011 12 418125 91
2012 1 419375 96
2012 2 419375 91
2012 3 419375 95
2012 11 330625 63
2012 12 411250 85
2013 1 419375 97
2013 2 419375 98
2013 3 419375 98
2013 11 419375 89
2013 12 419375 98
2014 1 419375 99
2014 2 419375 98
2014 3 419375 97
2014 11 419375 98
2014 12 419375 98
2015 1 419375 99
2015 2 419375 99
2015 3 419375 98
2015 11 413125 88
2015 12 419375 96
